46132
43894
35036
43988
35170
49182
40136
31344
48089
43989
39057
46423
31509
20533
50316
43581
23609
34693
45616
13139
6989
51306
37994
8500
42922
24197
24447
38980
6156
24041
52561
38524
22055
1825
54550
29395
8671
41768
46760
12135
42500
2530
48193
48829
33779
44739
39450
22583
1111
5640
6094
40249
21597
31150
20355
49898
52546
1482
31965
37386
2147
49994
49968
12049
44748
9851
1736
52056
29371
20145
45925
13161
4487
26295
13927
29746
46276
2533
32557
37180
6114
50768
55993
34039
50002
39681
46773
41219
33731
31439
156
38016
51404
54668
46580
31838
52967
25057
52575
4508
11031
28977
3101
42910
43667
2331
37409
4533
9706
38824
51777
15717
36229
45824
2595
40423
12799
43281
34491
53534
3720
7583
37340
55571
36398
1189
30727
26261
51013
29483
47326
35504
2169
33867
20075
1142
30979
2412
35324
30814
3457
24765
51090
17147
9015
34311
19137
51084
5785
48253
7791
43375
8619
34918
40205
38299
52224
46582
54898
3127
45364
28485
43987
41449
2723
39436
42276
54904
50006
1790
43390
45604
29748
43546
48156
39355
32776
6702
1623
8220
30778
39243
33755
34651
40970
42109
37305
5464
22993
40817
44610
48280
5904
1141
34076
53754
47362
4991
21
43941
236
36626
43882
39063
5303
43976
48570
30457
38800
55052
56008
50326
52516
5670
43898
7449
46176
55929
5356
47523
2732
43919
37717
6947
51663
32738
26147
48971
54299
43402
3196
53953
338
47753
50653
51312
44001
41039
10757
36821
42568
5680
41124
38362
5088
51919
33161
22693
50238
12899
29283
12431
28143
49843
36828
44545
55124
49
51608
1025
45240
42673
47861
5821
53929
6472
11469
55828
28117
209
54137
6959
9611
32827
18323
46579
21037
55890
39161
39811
29758
817
7708
9600
23309
46626
346
4132
38871
17100
27663
31832
359
34943
16754
42994
6798
23607
43383
40399
4555
43449
36676
43317
44614
54033
5164
51688
32166
39518
40040
3704
39430
5546
45820
34410
33870
40755
8179
20353
34669
51303
52053
46148
16131
23847
9798
3683
41659
39475
4360
40816
4725
43864
55023
36069
47328
43312
18469
18231
48325
32745
45209
2227
43986
40217
43884
54276
46385
52344
49098
40953
42843
8654
41296
27965
35285
55963
17535
46464
33021
23741
50909
31269
1156
18489
48153
1281
14889
29431
20031
54648
271
51586
8422
46640
44368
1664
52342
46289
38702
33083
3644
38875
53405
43643
44734
17247
7258
51791
7148
50039
758
29902
44543
9070
51686
6840
5447
2891
52033
36808
43998
53766
49285
17909
36968
51131
37931
417
8679
51057
40412
40272
55979
2470
3322
22347
3054
30251
30355
44502
15815
53408
45611
45868
49020
35041
54185
34358
23133
32748
30057
10933
3946
2570
10586
46391
18393
21415
18455
2285
39721
33863
9028
1704
36353
4840
48468
43227
30519
15533
37722
30851
30053
49326
51297
52155
2870
1232
44776
14821
5006
42209
47862
644
38220
3039
43401
32590
47544
16508
54444
3676
37534
10224
37184
45313
38490
46581
2394
45571
35004
14813
36669
38308
40628
54130
53599
39071
44723
29681
1839
46806
48641
35433
21185
44656
49418
37733
37906
6361
24011
10280
34855
47829
42745
42281
7612
49134
168
3947
39731
36631
49992
53379
54877
22991
52974
6377
40642
53866
22043
52744
51503
5288
10156
39249
44615
1928
48151
42084
1456
27573
53872
37452
34363
9345
48294
48580
39086
37306
51009
48032
54881
44775
13463
6896
32473
3752
46728
46038
41289
54893
2890
22053
39708
30379
47948
42431
509
20667
19907
184
49971
49079
9773
193
48541
47289
46424
43895
46431
51487
3463
9967
48074
30921
573
3465
3570
33248
3565
44026
33134
55203
32397
33840
41340
45818
35710
50997
44612
7448
33571
39728
53373
39349
62
48104
2806
47358
3655
286
8339
2234
42547
44664
37941
55131
13165
41499
54281
36159
26219
1287
46578
36549
48080
36551
20201
23713
43803
15719
52530
53339
22757
11635
46279
20709
38708
46102
10262
44609
23621
36392
53923
36317
35536
43984
46966
878
55345
20261
32484
46577
543
1275
1665
29317
1824
33048
51251
17427
47638
19187
54851
51535
10611
10562
33695
6610
24637
36667
37950
54217
20185
24271
595
40958
30437
51336
36483
9606
38561
1026
55820
54074
25543
1666
43212
45665
36906
39782
55694
34861
9959
41279
51543
52006
50789
16067
10448
39606
35338
53998
37549
46305
43535
33133
55553
53586
5415
9409
40438
9982
47023
24743
1599
43567
46047
9253
39686
17573
43885
51414
26289
52052
38306
37307
25975
26317
41319
55986
36461
41459
7169
49454
155
30825
42339
1547
55452
42246
16
47170
47949
27363
55313
30055
5763
40530
45991
44081
52081
53598
48617
17020
49263
1845
37326
2233
51687
1389
30284
11339
29971
386
39184
51465
5802
40768
38970
43497
52626
19517
43456
51736
5216
51154
3050
37391
49755
6834
36104
1445
30433
47696
41277
181
19629
43901
37465
6401
1212
40569
49913
55354
2279
16257
5620
2789
37695
31498
52549
48154
44861
33135
9053
35042
7044
47119
53208
47913
6919
49716
55463
43881
9433
50207
6390
30954
39530
41511
2729
9203
39795
48753
173
48177
46204
559
1387
23051
53688
46372
40394
38742
35702
46297
36943
10247
45969
28
37448
33599
7022
52595
47558
51646
35416
36071
55087
19231
34368
45465
39892
670
38099
50851
1088
37303
7500
54004
49573
37304
1231
54551
36804
38558
39718
40851
3136
38830
42192
45981
12293
37308
37786
37602
45464
13479
42662
291
3597
43883
3627
11933
1084
52845
28401
25599
208
39049
38161
41290
52045
1191
9776
48347
39917
50998
48034
4667
53828
1324
30721
10737
41215
5324
49429
34498
3022
50
34151
30214
43887
15729
42785
18491
55822
33136
46636
7960
1765
38727
1744
43992
47178
3654
1183
43250
30396
49983
8659
49533
47951
29455
5165
4537
47497
53121
36550
38091
46729
38701
3758
47828
19811
37529
46150
37185
35455
51834
17543
32370
48414
320
53642
9438
38383
37390
38796
26033
30046
45770
50050
50754
47349
9562
43997
56031
34655
39799
48467
19971
49078
1952
33103
1112
41785
2388
51539
50441
44544
39147
42090
46445
51449
22065
365
30156
33046
39547
42179
48576
44582
51880
1663
30095
55514
39725
3290
51811
44613
544
36096
55558
49743
4790
44896
31736
46077
1377
37509
4420
11189
18353
38795
27991
40885
48215
811
50371
39758
25973
35231
38876
2611
27561
36718
36061
50699
43610
2384
52959
53824
36486
49147
54525
55244
30337
33084
2699
35505
48432
5530
2146
46633
16606
46268
6862
6577
51438
42913
45558
1973
45782
4905
46634
29799
5997
39685
25495
39182
43447
30066
54917
46076
30296
23383
39042
2078
8302
48979
4789
18753
45829
43985
44072
16752
31694
23517
46954
41467
9353
32930
732
50571
50517
50770
10196
52743
37202
46275
41709
37951
44736
55760
52223
36297
47522
35996
9045
55276
50062
43946
54068
32962
30400
61
23707
55368
2558
1388
6272
56003
37350
47791
9973
19871
770
827
6841
39031
15933
7817
42592
43516
43454
28595
9947
10405
49491
16838
30385
53374
30211
39761
35972
36125
25943
51321
46165
45095
26351
39856
29837
24839
43771
2827
54030
180
47978
34908
5663
55237
24355
1722
29928
11221
4940
38712
1349
54021
53779
6055
6206
40689
13833
53093
3614
33238
4834
1855
14073
47764
25597
44583
9617
40940
38527
39609
1295
12223
44000
41447
5920
39942
28929
51966
43275
54298
37262
7981
32747
2209
50803
2542
47526
44004
37923
2700
52009
2924
10163
3975
48626
15891
43996
4468
12795
1000
38376
43904
28101
1607
43590
23277
51380
39895
34013
50240
44860
2203
7861
16363
8704
55274
54622
5114
54554
7017
51525
3906
54711
36039
16904
48760
48966
52161
36885
9393
5484
41383
40600
33474
44611
4934
40630
47969
29772
15077
32252
29367
48061
35091
10592
23283
36185
25647
3571
47169
43274
14827
44960
47083
37268
4601
35494
33936
4752
52319
5375
7405
31880
14467
46913
44737
316
13391
36470
37472
2134
43225
30324
165
48552
9734
39324
38667
8216
2202
51812
31909
47491
33570
45329
48155
40560
51302
46037
43311
32309
54333
40661
47239
52528
49114
37002
6783
47947
3299
49785
46273
29611
35230
18959
33239
51631
